name	title	slot_uri	comments	description	examples	in_subset	keywords	multivalued	pattern	range	recommended	required	string_serialization	structured_pattern	Expected_value	Preferred_unit
adapters	adapters	MIXS:0000048		Adapters provide priming sequences for both amplification and sequencing of the sample-library fragments. Both adapters should be reported; in uppercase letters	{'value': 'AATGATACGGCGACCACCGAGATCTACACGCT;CAAGCAGAAGACGGCATACGAGAT'}	sequencing				string	True	True		{'syntax': '^{dna_bases};{dna_bases}$', 'interpolated': True, 'partial_match': True}		
adjacent_environment	environment adjacent to site	MIXS:0001121		Description of the environmental system or features that are adjacent to the sampling site. This field accepts terms under ecosystem (http://purl.obolibrary.org/obo/ENVO_01001110) and human construction (http://purl.obolibrary.org/obo/ENVO_00000070). Multiple terms can be separated by pipes	{'value': 'estuarine biome [ENVO:01000020]'}		adjacent|environment|site	True		string			{termLabel} [{termID}]		ENVO_01001110 or ENVO_00000070	
agrochem_addition	history/agrochemical additions	MIXS:0000639		Addition of fertilizers, pesticides, etc. - amount and time of applications	{'value': 'roundup;5 milligram per liter;2018-06-21'}		history	True		string				{'syntax': '^{agrochemical_name};{amount} {unit};{date_time_stamp}$', 'interpolated': True, 'partial_match': True}		gram, mole per liter, milligram per liter
alt	altitude	MIXS:0000094		Heights of objects such as airplanes, space shuttles, rockets, atmospheric balloons and heights of places such as atmospheric layers and clouds. It is used to measure the height of an object which is above the earth's surface. In this context, the altitude measurement is the vertical distance between the earth's surface above sea level and the sampled position in the air	{'value': '100 meter'}	environment				string	True			{'syntax': '^{scientific_float}( *- *{scientific_float})? *{text}$', 'interpolated': True, 'partial_match': True}		meter
ances_data	ancestral data	MIXS:0000247		Information about either pedigree or other ancestral information description (e.g. parental variety in case of mutant or selection), e.g. A/3*B (meaning [(A x B) x B] x B)	{'value': 'A/3*B'}					string						
anim_water_method	animal water delivery method	MIXS:0001115		Description of the equipment or method used to distribute water to livestock. This field accepts termed listed under water delivery equipment (http://opendata.inra.fr/EOL/EOL_0001653). Multiple terms can be separated by pipes	{'value': 'water trough [EOL:0001618]'}		animal|delivery|method|water	True		string				{'syntax': '^{termLabel} \\[{termID}\\]$', 'interpolated': True, 'partial_match': True}		
annot	annotation	MIXS:0000059		Tool used for annotation, or for cases where annotation was provided by a community jamboree or model organism database rather than by a specific submitter	{'value': 'prokka'}	sequencing				string	True				name of tool or pipeline used, or annotation source description	
annual_precpt	mean annual precipitation	MIXS:0000644		The average of all annual precipitation values known, or an estimated equivalent value derived by such methods as regional indexes or Isohyetal maps			mean			string				{'syntax': '^{scientific_float}( *- *{scientific_float})? *{text}$', 'interpolated': True, 'partial_match': True}		millimeter
annual_temp	mean annual temperature	MIXS:0000642		Mean annual temperature	{'value': '12.5 degree Celsius'}		mean|temperature			string				{'syntax': '^{scientific_float}( *- *{scientific_float})? *{text}$', 'interpolated': True, 'partial_match': True}		degree Celsius
assembly_name	assembly name	MIXS:0000057		Name/version of the assembly provided by the submitter that is used in the genome browsers and in the community	{'value': 'HuRef, JCVI_ISG_i3_1.0'}	sequencing				string	True	True	{text} {text}		name and version of assembly	
assembly_qual	assembly quality	MIXS:0000056		The assembly quality category is based on sets of criteria outlined for each assembly quality category. For MISAG/MIMAG; Finished: Single, validated, contiguous sequence per replicon without gaps or ambiguities with a consensus error rate equivalent to Q50 or better. High Quality Draft:Multiple fragments where gaps span repetitive regions. Presence of the large subunit (LSU) RNA, small subunit (SSU) and the presence of 5.8S rRNA or 5S rRNA depending on whether it is a eukaryotic or prokaryotic genome, respectively. Medium Quality Draft:Many fragments with little to no review of assembly other than reporting of standard assembly statistics. Low Quality Draft:Many fragments with little to no review of assembly other than reporting of standard assembly statistics. Assembly statistics include, but are not limited to total assembly size, number of contigs, contig N50/L50, and maximum contig length. For MIUVIG; Finished: Single, validated, contiguous sequence per replicon without gaps or ambiguities, with extensive manual review and editing to annotate putative gene functions and transcriptional units. High-quality draft genome: One or multiple fragments, totaling   90% of the expected genome or replicon sequence or predicted complete. Genome fragment(s): One or multiple fragments, totalling < 90% of the expected genome or replicon sequence, or for which no genome size could be estimated	{'value': 'High-quality draft genome'}	sequencing	quality			AssemblyQualEnum						
assembly_software	assembly software	MIXS:0000058		Tool(s) used for assembly, including version number and parameters	{'value': 'metaSPAdes;3.11.0;kmer set 21,33,55,77,99,121, default parameters otherwise'}	sequencing	software			string		True		{'syntax': '^{software};{version};{parameters}$', 'interpolated': True, 'partial_match': True}		
associated_resource	relevant electronic resources	MIXS:0000091		A related resource that is referenced, cited, or otherwise associated to the sequence	{'value': 'http://www.earthmicrobiome.org/'}	sequencing	resource	True		string	True			{'syntax': '^({PMID}|{DOI}|{URL})$', 'interpolated': True, 'partial_match': False}	reference to resource	
biotic_relationship	observed biotic relationship	MIXS:0000028		Description of relationship(s) between the subject organism and other organism(s) it is associated with. E.g., parasite on species X; mutualist with species Y. The target organism is the subject of the relationship, and the other organism(s) is the object	{'value': 'free living'}	nucleic acid sequence source	observed|relationship			BioticRelationshipEnum	True					
chem_administration	chemical administration	MIXS:0000751		List of chemical compounds administered to the host or site where sampling occurred, and when (e.g. Antibiotics, n fertilizer, air filter); can include multiple compounds. For chemical entities of biological interest ontology (chebi) (v 163), http://purl.bioontology.org/ontology/chebi	{'value': 'agar [CHEBI:2509];2018-05-11T20:00Z'}		administration	True		string		True	{termLabel} [{termID}];{timestamp}		CHEBI;timestamp	
chimera_check	chimera check software	MIXS:0000052		Tool(s) used for chimera checking, including version number and parameters, to discover and remove chimeric sequences. A chimeric sequence is comprised of two or more phylogenetically distinct parent sequences	{'value': 'uchime;v4.1;default parameters'}	sequencing	software			string		True		{'syntax': '^{software};{version};{parameters}$', 'interpolated': True, 'partial_match': True}		
climate_environment	climate environment	MIXS:0001040		Treatment involving an exposure to a particular climate; treatment regimen including how many times the treatment was repeated, how long each treatment lasted, and the start and end time of the entire treatment; can include multiple climates	{'value': 'tropical climate;R2/2018-05-11T14:30/2018-05-11T19:30/P1H30M'}		environment	True		string	True		{text};{period};{interval};{period}			
collection_date	collection date	MIXS:0000011		The time of sampling, either as an instance (single point in time) or interval. In case no exact time is available, the date/time can be right truncated i.e. all of these are valid times: 2008-01-23T19:23:10+00:00; 2008-01-23T19:23:10; 2008-01-23; 2008-01; 2008; Except: 2008-01; 2008 all are ISO8601 compliant	{'value': '2013-03-25T12:42:31+01:00'}	environment	date			datetime		True				
compl_score	completeness score	MIXS:0000069		Completeness score is typically based on either the fraction of markers found as compared to a database or the percent of a genome found as compared to a closely related reference genome. High Quality Draft: >90%, Medium Quality Draft: >50%, and Low Quality Draft: < 50% should have the indicated completeness scores	{'value': 'med;60%'}	sequencing	score			string			[high|med|low];{percentage}		quality;percent completeness	
compl_software	completeness software	MIXS:0000070		Tools used for completion estimate, i.e. checkm, anvi'o, busco	{'value': 'checkm'}	sequencing	software			string			{software};{version}		names and versions of software(s) used	
crop_rotation	history/crop rotation	MIXS:0000318		Whether or not crop is rotated, and if yes, rotation schedule	{'value': 'yes;R2/2017-01-01/2018-12-31/P6M'}		history			string	True		{boolean};Rn/{timestamp}/{period}		crop rotation status;schedule	
crop_yield	crop yield	MIXS:0001116		Amount of crop produced per unit or area of land	{'value': '570 kilogram per metre square'}		crop			string				{'syntax': '^{scientific_float}( *- *{scientific_float})? *{text}$', 'interpolated': True, 'partial_match': True}		kilogram per metre square
cult_isol_date	culture isolation date	MIXS:0001181		The datetime marking the end of a process in which a sample yields a positive result for the target microbial analyte(s) in the form of an isolated colony or colonies	{'value': '2018-05-11T10:00:00+01:00'}		culture|date|isolation			datetime						
cur_land_use	current land use	MIXS:0001080		Present state of sample site	{'value': 'conifers'}		land|use			string			[cities|farmstead|industrial areas|roads/railroads|rock|sand|gravel|mudflats|salt flats|badlands|permanent snow or ice|saline seeps|mines/quarries|oil waste areas|small grains|row crops|vegetable crops|horticultural plants (e.g. tulips)|marshlands (grass,sedges,rushes)|tundra (mosses,lichens)|rangeland|pastureland (grasslands used for livestock grazing)|hayland|meadows (grasses,alfalfa,fescue,bromegrass,timothy)|shrub land (e.g. mesquite,sage-brush,creosote bush,shrub oak,eucalyptus)|successional shrub land (tree saplings,hazels,sumacs,chokecherry,shrub dogwoods,blackberries)|shrub crops (blueberries,nursery ornamentals,filberts)|vine crops (grapes)|conifers (e.g. pine,spruce,fir,cypress)|hardwoods (e.g. oak,hickory,elm,aspen)|intermixed hardwood and conifers|tropical (e.g. mangrove,palms)|rainforest (evergreen forest receiving >406 cm annual rainfall)|swamp (permanent or semi-permanent water body dominated by woody plants)|crop trees (nuts,fruit,christmas trees,nursery trees)]		enumeration	
cur_vegetation	current vegetation	MIXS:0000312		Vegetation classification from one or more standard classification systems, or agricultural crop			vegetation			string	True				current vegetation type	
cur_vegetation_meth	current vegetation method	MIXS:0000314		Reference or method used in vegetation classification			method|vegetation			string	True			{'syntax': '^({PMID}|{DOI}|{URL})$', 'interpolated': True, 'partial_match': True}		
depth	depth	MIXS:0000018		The vertical distance below local surface. For sediment or soil samples depth is measured from sediment or soil surface, respectively. Depth can be reported as an interval for subsurface samples	{'value': '10 meter'}	environment	depth			string	True			{'syntax': '^{scientific_float}( *- *{scientific_float})? *{text}$', 'interpolated': True, 'partial_match': True}		meter
drainage_class	drainage classification	MIXS:0001085		Drainage classification from a standard system such as the USDA system	{'value': 'well'}		classification			DrainageClassEnum	True					
elev	elevation	MIXS:0000093		Elevation of the sampling site is its height above a fixed reference point, most commonly the mean sea level. Elevation is mainly used when referring to points on the earth's surface, while altitude is used for points above the surface, such as an aircraft in flight or a spacecraft in orbit	{'value': '100 meter'}	environment	elevation			string	True			{'syntax': '^{scientific_float}( *- *{scientific_float})? *{text}$', 'interpolated': True, 'partial_match': True}		meter
encoded_traits	encoded traits	MIXS:0000034		Should include key traits like antibiotic resistance or xenobiotic degradation phenotypes for plasmids, converting genes for phage	{'value': 'beta-lactamase class A'}	nucleic acid sequence source				string	True				for plasmid: antibiotic resistance; for phage: converting genes	
enrichment_protocol	enrichment protocol	MIXS:0001177		The microbiological workflow or protocol followed to test for the presence or enumeration of the target microbial analyte(s). Please provide a PubMed or DOI reference for published protocols	{'value': 'BAM Chapter 4: Enumeration of Escherichia coli and the Coliform Bacteria'}		enrichment|protocol			string	True			{'syntax': '^({PMID}|{DOI}|{URL}|{text})$', 'interpolated': True, 'partial_match': True}		
env_broad_scale	broad-scale environmental context	MIXS:0000012		Report the major environmental system the sample or specimen came from. The system(s) identified should have a coarse spatial grain, to provide the general environmental context of where the sampling was done (e.g. in the desert or a rainforest). We recommend using subclasses of EnvO s biome class:  http://purl.obolibrary.org/obo/ENVO_00000428. EnvO documentation about how to use the field: https://github.com/EnvironmentOntology/envo/wiki/Using-ENVO-with-MIxS	{'value': 'rangeland biome [ENVO:01000247]'}	environment	context|environmental			string		True		{'syntax': '^{termLabel} \\[{termID}\\]$', 'interpolated': True, 'partial_match': True}		
env_local_scale	local environmental context	MIXS:0000013		Report the entity or entities which are in the sample or specimen s local vicinity and which you believe have significant causal influences on your sample or specimen. We recommend using EnvO terms which are of smaller spatial grain than your entry for env_broad_scale. Terms, such as anatomical sites, from other OBO Library ontologies which interoperate with EnvO (e.g. UBERON) are accepted in this field. EnvO documentation about how to use the field: https://github.com/EnvironmentOntology/envo/wiki/Using-ENVO-with-MIxS	{'value': 'hillside [ENVO:01000333]'}	environment	context|environmental			string		True		{'syntax': '^{termLabel} \\[{termID}\\]$', 'interpolated': True, 'partial_match': True}	Environmental entities having causal influences upon the entity at time of sampling	
env_medium	environmental medium	MIXS:0000014		Report the environmental material(s) immediately surrounding the sample or specimen at the time of sampling. We recommend using subclasses of 'environmental material' (http://purl.obolibrary.org/obo/ENVO_00010483). EnvO documentation about how to use the field: https://github.com/EnvironmentOntology/envo/wiki/Using-ENVO-with-MIxS . Terms from other OBO ontologies are permissible as long as they reference mass/volume nouns (e.g. air, water, blood) and not discrete, countable entities (e.g. a tree, a leaf, a table top)	{'value': 'bluegrass field soil [ENVO:00005789]'}	environment	environmental	True		string		True		{'syntax': '^{termLabel} \\[{termID}\\]$', 'interpolated': True, 'partial_match': True}		
estimated_genome_size	estimated genome size	MIXS:0000024	Slot updated 2026-02-10 `estimated_size` and title 'estimated size'	The estimated size of the genome prior to sequencing. Of particular importance in the sequencing of (eukaryotic) genome which could remain in draft form for a long or unspecified period	{'value': '300000 bp'}	nucleic acid sequence source	size			string			{integer} bp		number of base pairs	
experimental_factor	experimental factor	MIXS:0000008		Variable aspects of an experiment design that can be used to describe an experiment, or set of experiments, in an increasingly detailed manner. This field accepts ontology terms from Experimental Factor Ontology (EFO) and/or Ontology for Biomedical Investigations (OBI)	{'value': 'time series design [EFO:0001779]'}	investigation	experimental|factor	True	^\S+.*\S+ \[[a-zA-Z]{2,}:\d+\]$	string			{termLabel} [{termID}]|{text}		text or EFO and/or OBI	
extreme_event	history/extreme events	MIXS:0000320		Unusual physical events that may have affected microbial populations			event|history			datetime	True					
fao_class	soil_taxonomic/FAO classification	MIXS:0001083		Soil classification from the FAO World soil distribution from International Soil Reference and Information Centre (ISRIC). The list of available soil classifications can be found at https://www.isric.org/explore/world-soil-distribution	{'value': 'Luvisols'}		classification			FaoClassEnum	True					
farm_equip	farm equipment used	MIXS:0001126		List of equipment used for planting, fertilization, harvesting, irrigation, land levelling, residue management, weeding or transplanting during the growing season.  This field accepts terms listed under agricultural implement (http://purl.obolibrary.org/obo/AGRO_00000416). Multiple terms can be separated by pipes	{'value': 'combine harvester [AGRO:00000473]'}		equipment|farm|use	True		string				{'syntax': '^{termLabel} \\[{termID}\\]$', 'interpolated': True, 'partial_match': True}		
farm_equip_san	farm equipment sanitization	MIXS:0001124		Method used to sanitize growing and harvesting equipment. This can including type and concentration of sanitizing solution.  Multiple terms can be separated by one or more pipes	{'value': 'hot water pressure wash, hypochlorite solution, 50 parts per million'}		equipment|farm	True		string			{text} {float} {unit}		text or commercial name of sanitizer or class of sanitizer or active ingredient in sanitizer	parts per million
farm_equip_shared	equipment shared with other farms	MIXS:0001123		List of planting, growing or harvesting equipment shared with other farms. This field accepts terms listed under agricultural implement (http://purl.obolibrary.org/obo/AGRO_00000416). Multiple terms can be separated by pipes	{'value': 'combine harvester [AGRO:00000473]'}		equipment|farm	True		string				{'syntax': '^{termLabel} \\[{termID}\\]$', 'interpolated': True, 'partial_match': True}		
farm_water_source	farm watering water source	MIXS:0001110		Source of water used on the farm for irrigation of crops or watering of livestock	{'value': 'well', 'description': 'was water well (ENVO:01000002)'}		farm|source|water			FarmWaterSourceEnum	True					
feat_pred	feature prediction	MIXS:0000061		Method used to predict UViGs features such as ORFs, integration site, etc	{'value': 'Prodigal;2.6.3;default parameters'}	sequencing	feature|predict			string				{'syntax': '^{software};{version};{parameters}$', 'interpolated': True, 'partial_match': True}		
fertilizer_admin	fertilizer administration	MIXS:0001127		Type of fertilizer or amendment added to the soil or water for the purpose of improving substrate health and quality for plant growth. This field accepts terms listed under agronomic fertilizer (http://purl.obolibrary.org/obo/AGRO_00002062). Multiple terms may apply and can be separated by pipes, listing in reverse chronological order	{'value': 'fish emulsion [AGRO:00000082]'}		administration			string				{'syntax': '^{termLabel} \\[{termID}\\]$', 'interpolated': True, 'partial_match': True}		
fire	history/fire	MIXS:0001086		Historical and/or physical evidence of fire			history			datetime	True					
flooding	history/flooding	MIXS:0000319		Historical and/or physical evidence of flooding			history			datetime	True					
food_harvest_proc	Food harvesting process	MIXS:0001133		A harvesting process is a process which takes in some food material from an individual or community of plant or animal organisms in a given context and time, and outputs a precursor or consumable food product. This may include a part of an organism or the whole, and may involve killing the organism	{'value': 'hand-picked'}		food|process	True		string						
food_prod	food production system characteristics	MIXS:0001211		Descriptors of the food production system or of the agricultural environment and growing conditions related to the farm production system, such as wild caught, organic, free-range, industrial, dairy, beef,  domestic or cultivated food production. This field accepts terms listed under food production (http://purl.obolibrary.org/obo/FOODON_03530206). Multiple terms may apply and can be separated by pipes	{'value': 'organic plant cultivation [FOODON:03530253]'}		food|production	True		string				{'syntax': '^{termLabel} \\[{termID}\\]$', 'interpolated': True, 'partial_match': True}		
food_product_type	food product type	MIXS:0001184		A food product type is a class of food products that is differentiated by its food composition (e.g., single- or multi-ingredient), processing and/or consumption characteristics. This does not include brand name products but it may include generic food dish categories. This field accepts terms under food product type (http://purl.obolibrary.org/obo/FOODON:03400361). For terms related to food product for an animal, consult food product for animal (http://purl.obolibrary.org/obo/FOODON_03309997). If the proper descriptor is not listed please use text to describe the food type. Multiple terms can be separated by one or more pipes	{'value': 'delicatessen salad; FOODON:03316276'}		food|product|type			string			{text}|{termLabel} [{termID}]		FOODON:00001002 or FOODON:03309997	
food_source	food source	MIXS:0001139		Type of plant or animal from which the food product or its major ingredient is derived or a chemical food source [FDA CFSAN 1995]	{'value': 'red swamp crayfish; FOODON:03412231'}		food|source			string		True	{termLabel} [{termID}]		FOODON term	
food_trav_mode	food shipping transportation method	MIXS:0001137		A descriptor for the method of movement of food commodity along the food distribution system.  This field accepts terms listed under travel mode (http://purl.obolibrary.org/obo/GENEPIO_0001064). If the proper descrptor is not listed please use text to describe the mode of travel. Multiple terms can be separated by one or more pipes	{'value': 'train travel [GENEPIO:0001060]'}		food|method|transport	True		string				{'syntax': '^{termLabel} \\[{termID}\\]$', 'interpolated': True, 'partial_match': True}		
food_trav_vehic	food shipping transportation vehicle	MIXS:0001138		A descriptor for the mobile machine which is used to transport food commodities along the food distribution system.  This field accepts terms listed under vehicle (http://purl.obolibrary.org/obo/ENVO_01000604). If the proper descrptor is not listed please use text to describe the mode of travel. Multiple terms can be separated by one or more pipes	{'value': 'aircraft [ENVO:01001488]|car [ENVO:01000605]'}		food|transport	True		string			{text}|{termLabel} [{termID}]		ENVO:01000604	
fungicide_regm	fungicide regimen	MIXS:0000557		Information about treatment involving use of fungicides; should include the name of fungicide, amount administered, treatment regimen including how many times the treatment was repeated, how long each treatment lasted, and the start and end time of the entire treatment; can include multiple fungicide regimens	{'value': 'bifonazole;1 mole per liter;R2/2018-05-11T14:30/2018-05-11T19:30/P1H30M'}		regimen	True		string	True		{text};{float} {unit};{period};{interval};{period}			gram, mole per liter, milligram per liter
gaseous_environment	gaseous environment	MIXS:0000558		Use of conditions with differing gaseous environments; should include the name of gaseous compound, amount administered, treatment duration, interval and total experimental duration; can include multiple gaseous environment regimens	{'value': 'nitric oxide;0.5 micromole per liter;R2/2018-05-11T14:30/2018-05-11T19:30/P1H30M'}		environment	True		string	True		{text};{float} {unit};{period};{interval};{period}			micromole per liter
genetic_mod	genetic modification	MIXS:0000859		Genetic modifications of the genome of an organism, which may occur naturally by spontaneous mutation, or be introduced by some experimental means, e.g. specification of a transgene or the gene knocked-out or details of transient transfection	{'value': 'PMID:19497774'}					string				{'syntax': '^({PMID}|{DOI}|{URL})$', 'interpolated': True, 'partial_match': False}		
geo_loc_name	geographic location (country and/or sea,region)	MIXS:0000010		The geographical origin of the sample as defined by the country or sea name followed by specific region name. Country or sea names should be chosen from the INSDC country list (http://insdc.org/country.html), or the GAZ ontology (http://purl.bioontology.org/ontology/GAZ)	{'value': 'USA: Maryland, Bethesda'}	environment	geographic|location			string		True		{'syntax': '^{country}: {region}, {specific_location}$', 'interpolated': True, 'partial_match': True}		
heavy_metals_meth	extreme_unusual_properties/heavy metals method	MIXS:0000343		Reference or method used in determining heavy metals			extreme|method|properties|unusual			string	True		{PMID|DOI|URL}	{'syntax': '^({PMID}|{DOI}|{URL})$', 'interpolated': True, 'partial_match': True}		
herbicide_regm	herbicide regimen	MIXS:0000561		Information about treatment involving use of herbicides; information about treatment involving use of growth hormones; should include the name of herbicide, amount administered, treatment regimen including how many times the treatment was repeated, how long each treatment lasted, and the start and end time of the entire treatment; can include multiple regimens	{'value': 'atrazine;10 milligram per liter;R2/2018-05-11T14:30/2018-05-11T19:30/P1H30M'}		regimen	True		string	True		{text};{float} {unit};{period};{interval};{period}			gram, mole per liter, milligram per liter
horizon_meth	horizon method	MIXS:0000321		Reference or method used in determining the horizon			horizon|method			string	True			{'syntax': '^({PMID}|{DOI}|{URL})$', 'interpolated': True, 'partial_match': True}		
host_age	host age	MIXS:0000255		Age of host at the time of sampling; relevant scale depends on species and study, e.g. Could be seconds for amoebae or centuries for trees			age|host|host.			string		True		{'syntax': '^{scientific_float}( *- *{scientific_float})? *{text}$', 'interpolated': True, 'partial_match': True}		year, day, hour
host_common_name	host common name	MIXS:0000248		Common name of the host			host|host.			string		True				
host_disease_stat	host disease status	MIXS:0000031		List of diseases with which the host has been diagnosed; can include multiple diagnoses. The value of the field depends on host; for humans the terms should be chosen from the DO (Human Disease Ontology) at https://www.disease-ontology.org, non-human host diseases are free text	{'value': 'rabies [DOID:11260]'}	nucleic acid sequence source	disease|host|host.|status			string	True		{termLabel} [{termID}]|{text}		disease name or Disease Ontology term	
host_dry_mass	host dry mass	MIXS:0000257		Measurement of dry mass	{'value': '500 gram'}		dry|host|host.|mass			string				{'syntax': '^{scientific_float}( *- *{scientific_float})? *{text}$', 'interpolated': True, 'partial_match': True}		kilogram, gram
host_genotype	host genotype	MIXS:0000365		Observed genotype			host|host.			string		True				
host_height	host height	MIXS:0000264		The height of subject			height|host|host.			string		True		{'syntax': '^{scientific_float}( *- *{scientific_float})? *{text}$', 'interpolated': True, 'partial_match': True}		centimeter, millimeter, meter
host_length	host length	MIXS:0000256		The length of subject	{'value': '1 meter'}		host|host.|length			string		True		{'syntax': '^{scientific_float}( *- *{scientific_float})? *{text}$', 'interpolated': True, 'partial_match': True}		centimeter, millimeter, meter
host_life_stage	host life stage	MIXS:0000251		Description of life stage of host			host|host.|life			string		True			stage	
host_phenotype	host phenotype	MIXS:0000874		Phenotype of human or other host. Use terms from the phenotypic quality ontology (pato) or the Human Phenotype Ontology (HP)			host|host.			string		True	{termLabel} [{termID}]		PATO or HP	
host_spec_range	host specificity or range	MIXS:0000030		The range and diversity of host species that an organism is capable of infecting, defined by NCBI taxonomy identifier	{'value': '9606'}	nucleic acid sequence source	host|host.|range	True		string	True	True	{integer}		NCBI taxid	
host_subspecf_genlin	host subspecific genetic lineage	MIXS:0001318		Information about the genetic distinctness of the host organism below the subspecies level e.g., serovar, serotype, biotype, ecotype, variety, cultivar, or any relevant genetic typing schemes like Group I plasmid. Subspecies should not be recorded in this term, but in the NCBI taxonomy. Supply both the lineage name and the lineage rank separated by a colon, e.g., biovar:abc123	{'value': 'serovar:Newport, variety:glabrum, cultivar: Red Delicious'}		host|host.|lineage	True		string			{rank name}:{text}		Genetic lineage below lowest rank of NCBI taxonomy, which is subspecies, e.g. serovar, biotype, ecotype, variety, cultivar	
host_symbiont	observed host symbionts	MIXS:0001298		The taxonomic name of the organism(s) found living in mutualistic, commensalistic, or parasitic symbiosis with the specific host. The sampled symbiont can have its own symbionts. For example, parasites may have hyperparasites (=parasites of the parasite)	{'value': 'Paragordius varius'}		host|host.|observed|symbiosis	True		string					species name or common name	
host_taxid	host taxid	MIXS:0000250		NCBI taxon id of the host, e.g. 9606	{'value': '9606'}		host|host.|taxon			string		True	{integer}		NCBI taxon identifier	
host_tot_mass	host total mass	MIXS:0000263		Total mass of the host at collection, the unit depends on host			host|host.|mass|total			string		True		{'syntax': '^{scientific_float}( *- *{scientific_float})? *{text}$', 'interpolated': True, 'partial_match': True}		kilogram, gram
humidity	humidity	MIXS:0000100		Amount of water vapour in the air, at the time of sampling	{'value': '30% relative humidity'}		humidity			string	True			{'syntax': '^{scientific_float}( *- *{scientific_float})? *{text}$', 'interpolated': True, 'partial_match': True}		
isol_growth_condt	isolation and growth condition	MIXS:0000003		Publication reference in the form of pubmed ID (pmid), digital object identifier (doi) or url for isolation and growth condition specifications of the organism/material	{'value': 'doi:10.1016/j.syapm.2018.01.009'}	nucleic acid sequence source	condition|growth|isolation			string		True		{'syntax': '^({PMID}|{DOI}|{URL})$', 'interpolated': True, 'partial_match': True}		
lat_lon	geographic location (latitude and longitude)	MIXS:0000009		The geographical origin of the sample as defined by latitude and longitude. The values should be reported in decimal degrees, limited to 8 decimal points, and in WGS84 system	{'value': '50.586825 6.408977'}	environment	geographic|location			string		True		{'syntax': '^{lat} {lon}$', 'interpolated': True, 'partial_match': True}		
lib_layout	library layout	MIXS:0000041		Specify whether to expect single, paired, or other configuration of reads	{'value': 'paired'}	sequencing	library			LibLayoutEnum	True					
lib_reads_seqd	library reads sequenced	MIXS:0000040		Total number of clones sequenced from the library	{'value': '20'}	sequencing	library			integer		True				
lib_screen	library screening strategy	MIXS:0000043		Specific enrichment or screening methods applied before and/or after creating libraries	{'value': 'enriched, screened, normalized'}	sequencing	library			string		True			screening strategy name	
lib_size	library size	MIXS:0000039		Total number of clones in the library prepared for the project	{'value': '50'}	sequencing	library|size			integer						
lib_vector	library vector	MIXS:0000042		Cloning vector type(s) used in construction of libraries	{'value': 'Bacteriophage P1'}	sequencing	library			string		True			vector	
library_prep_kit	library preparation kit	MIXS:0001145		Packaged kits (containing adapters, indexes, enzymes, buffers etc.), tailored for specific sequencing workflows, which allow the simplified preparation of sequencing-ready libraries for small genomes, amplicons, and plasmids	{'value': 'llumina DNA Prep, (M) Tagmentation'}		kit|library|preparation			string					name of library preparation kit	
link_class_info	link to classification information	MIXS:0000329		Link to digitized soil maps or other soil classification information			classification|information|link			string			{termLabel} [{termID}]		PMID,DOI or url	
link_climate_info	link to climate information	MIXS:0000328		Link to climate resource			information|link			string				{'syntax': '^({PMID}|{DOI}|{URL})$', 'interpolated': True, 'partial_match': True}		
local_class	soil_taxonomic/local classification	MIXS:0000330		Soil classification based on local soil classification system			classification			string	True				local classification name	
local_class_meth	soil_taxonomic/local classification method	MIXS:0000331		Reference or method used in determining the local soil classification			classification|method			string	True			{'syntax': '^({PMID}|{DOI}|{URL})$', 'interpolated': True, 'partial_match': True}		
lot_number	lot number	MIXS:0001147		A distinctive alpha-numeric identification code assigned by the manufacturer or distributor to a specific quantity of manufactured material or product within a batch. Synonym: Batch Number.  The submitter should provide lot number of the item followed by the item name for which the lot number was provided	{'value': '1239ABC01A, split Cornish hens'}		number	True		string			{integer}, {text}		lot number, item	
micro_biomass_meth	microbial biomass method	MIXS:0000339	slot name/scn was microbial_biomass_meth	Reference or method used in determining microbial biomass	{'value': 'http://dx.doi.org/10.1016/j.soilbio.2005.01.021'}		biomass|method|microbial			string		True		{'syntax': '^({PMID}|{DOI}|{URL})$', 'interpolated': True, 'partial_match': True}		
microbial_biomass	microbial biomass	MIXS:0000650		The part of the organic matter in the soil that constitutes living microorganisms smaller than 5-10 micrometer. If you keep this, you would need to have correction factors used for conversion to the final units			biomass|microbial			string		True		{'syntax': '^{scientific_float}( *- *{scientific_float})? *{text}$', 'interpolated': True, 'partial_match': True}		ton, kilogram, gram per kilogram soil
mid	multiplex identifiers	MIXS:0000047		Molecular barcodes, called Multiplex Identifiers (MIDs), that are used to specifically tag unique samples in a sequencing run. Sequence should be reported in uppercase letters	{'value': 'GTGAATAT'}	sequencing	identifier			string		True		{'syntax': '^{dna_bases}$', 'interpolated': True, 'partial_match': True}		
misc_param	miscellaneous parameter	MIXS:0000752		Any other measurement performed or parameter collected, that is not listed here	{'value': 'Bicarbonate ion concentration;2075 micromole per kilogram'}		parameter	True		string			{text};{float} {unit}		parameter name;measurement value	
neg_cont_type	negative control type	MIXS:0001321		The substance or equipment used as a negative control in an investigation		investigation	type			NegContTypeEnum	True				enumeration or text	
non_min_nutr_regm	non-mineral nutrient regimen	MIXS:0000571		Information about treatment involving the exposure of plant to non-mineral nutrient such as oxygen, hydrogen or carbon; should include the name of non-mineral nutrient, amount administered, treatment regimen including how many times the treatment was repeated, how long each treatment lasted, and the start and end time of the entire treatment; can include multiple non-mineral nutrient regimens	{'value': 'https://phylogenomics.me/protocols/16s-pcr-protocol/'}		non-mineral|nutrient|regimen	True		string	True		{text};{float} {unit};{period};{interval};{period}			gram, mole per liter, milligram per liter
nucl_acid_amp	nucleic acid amplification	MIXS:0000038		A link to a literature reference, electronic resource or a standard operating procedure (SOP), that describes the enzymatic amplification (PCR, TMA, NASBA) of specific nucleic acids	{'value': 'https://phylogenomics.me/protocols/16s-pcr-protocol/'}	sequencing				string	True	True		{'syntax': '^({PMID}|{DOI}|{URL})$', 'interpolated': True, 'partial_match': True}		
nucl_acid_ext	nucleic acid extraction	MIXS:0000037		A link to a literature reference, electronic resource or a standard operating procedure (SOP), that describes the material separation to recover the nucleic acid fraction from a sample	{'value': 'https://mobio.com/media/wysiwyg/pdfs/protocols/12888.pdf'}	sequencing				string	True	True		{'syntax': '^({PMID}|{DOI}|{URL})$', 'interpolated': True, 'partial_match': True}		
num_replicons	number of replicons	MIXS:0000022		Reports the number of replicons in a nuclear genome of eukaryotes, in the genome of a bacterium or archaea or the number of segments in a segmented virus. Always applied to the haploid chromosome count of a eukaryote	{'value': '2'}	nucleic acid sequence source	number			integer	True		{integer}		for eukaryotes and bacteria: chromosomes (haploid count); for viruses: segments	
number_contig	number of contigs	MIXS:0000060		Total number of contigs in the cleaned/submitted assembly that makes up a given genome, SAG, MAG, or UViG	{'value': '40'}	sequencing	number			integer						
organism_count	organism count	MIXS:0000103		Total cell count of any organism (or group of organisms) per gram, volume or area of sample, should include name of organism followed by count. The method that was used for the enumeration (e.g. qPCR, atp, mpn, etc.) Should also be provided. (example: total prokaryotes; 3.5e7 cells per ml; qpcr)	{'value': 'total prokaryotes;3.5e7 cells per milliliter;qPCR'}		count|organism	True		string	True		{text};{float} {unit};[ATP|MPN|qPCR|other]		organism name;measurement value;enumeration	
oxy_stat_samp	oxygenation status of sample	MIXS:0000753		Oxygenation status of sample	{'value': 'aerobic'}		oxygen|sample|status			OxyStatSampEnum	True					
pathogenicity	known pathogenicity	MIXS:0000027		To what is the entity pathogenic	{'value': 'human, animal, plant, fungi, bacteria'}	nucleic acid sequence source				string	True	True			names of organisms that the entity is pathogenic to	
pcr_cond	pcr conditions	MIXS:0000049		Description of reaction conditions and components of polymerase chain reaction performed during library preparation.	{'value': 'initial denaturation:94degC_1.5min'}	sequencing	condition|pcr			string		True	initial denaturation:degrees_minutes;annealing:degrees_minutes;elongation:degrees_minutes;final elongation:degrees_minutes;total cycles		initial denaturation:degrees_minutes;annealing:degrees_minutes;elongation:degrees_minutes;final elongation:degrees_minutes;total cycles	
pcr_primers	pcr primers	MIXS:0000046		PCR primers that were used to amplify the sequence of the targeted gene, locus or subfragment. This field should contain all the primers used for a single PCR reaction if multiple forward or reverse primers are present in a single PCR reaction. The primer sequence should be reported in uppercase letters	{'value': 'FWD:GTGCCAGCMGCCGCGGTAA;REV:GGACTACHVGGGTWTCTAAT'}	sequencing	pcr			string		True		{'syntax': 'FWD:{dna_bases};REV:{dna_bases}', 'interpolated': True, 'partial_match': False}		
perturbation	perturbation	MIXS:0000754		Type of perturbation, e.g. chemical administration, physical disturbance, etc., coupled with perturbation regimen including how many times the perturbation was repeated, how long each perturbation lasted, and the start and end time of the entire perturbation period; can include multiple perturbation types	{'value': 'antibiotic addition;R2/2018-05-11T14:30Z/2018-05-11T19:30Z/P1H30M'}		perturbation	True		string	True		{text};{Rn/start_time/end_time/duration}		perturbation type name;perturbation interval and duration	
pesticide_regm	pesticide regimen	MIXS:0000573		Information about treatment involving use of insecticides; should include the name of pesticide, amount administered, treatment regimen including how many times the treatment was repeated, how long each treatment lasted, and the start and end time of the entire treatment; can include multiple pesticide regimens	{'value': 'pyrethrum;0.6 milligram per liter;R2/2018-05-11T14:30/2018-05-11T19:30/P1H30M'}		regimen	True		string	True		{text};{float} {unit};{period};{interval};{period}			gram, mole per liter, milligram per liter
ph_meth	pH method	MIXS:0001106		Reference or method used in determining pH	{'value': 'https://www.epa.gov/sites/production/files/2015-12/documents/9040c.pdf'}		method|ph			string	True			{'syntax': '^({PMID}|{DOI}|{URL})$', 'interpolated': True, 'partial_match': True}		
ph_regm	pH regimen	MIXS:0001056		Information about treatment involving exposure of plants to varying levels of ph of the growth media, treatment regimen including how many times the treatment was repeated, how long each treatment lasted, and the start and end time of the entire treatment; can include multiple regimen	{'value': '7.6;R2/2018-05-11:T14:30/2018-05-11T19:30/P1H30M'}		ph|regimen	True		string	True		{float};{period};{interval};{period}			
photosynt_activ	photosynthetic activity	MIXS:0001296		Measurement of photosythetic activity (i.e. leaf gas exchange / chlorophyll fluorescence emissions / reflectance / transpiration) Please also include the term method term detailing the method of activity measurement	"{'value': '0.1 mol CO2 m-2 s-1', 'description': 'added a magnitude to the example from the XLSX file, "" mol CO2 m-2 s-1""'}"					string	True			{'syntax': '^{scientific_float}( *- *{scientific_float})? *{text}$', 'interpolated': True, 'partial_match': True}		mol m-2 s-1
photosynt_activ_meth	photosynthetic activity method	MIXS:0001336		Reference or method used in measurement of photosythetic activity			method	True		string	True			{'syntax': '^({PMID}|{DOI}|{URL}|{text})$', 'interpolated': True, 'partial_match': True}		
plant_growth_med	plant growth medium	MIXS:0001057		Specification of the media for growing the plants or tissue cultured samples, e.g. soil, aeroponic, hydroponic, in vitro solid culture medium, in vitro liquid culture medium. Recommended value is a specific value from PECO:plant growth medium exposure (follow this link for terms http://purl.obolibrary.org/obo/PECO_0007147) or other controlled vocabulary	{'value': 'hydroponic plant culture media exposure [PECO:0007067]'}		growth|plant			string			{termLabel} [{termID}] or [husk|other artificial liquid medium|other artificial solid medium|peat moss|perlite|pumice|sand|soil|vermiculite|water]		PECO or enumeration	
plant_product	plant product	MIXS:0001058		Substance produced by the plant, where the sample was obtained from	{'value': 'xylem sap [PO:0025539]'}		plant|product			string	True				product name	
plant_struc	plant structure	MIXS:0001060		Name of plant structure the sample was obtained from; for Plant Ontology (PO) (v releases/2017-12-14) terms, see http://purl.bioontology.org/ontology/PO, e.g. petiole epidermis (PO_0000051). If an individual flower is sampled, the sex of it can be recorded here	{'value': 'epidermis [PO:0005679]'}		plant			string	True			{'syntax': '^{termLabel} \\[{termID}\\]$', 'interpolated': True, 'partial_match': True}		
plant_water_method	plant water delivery method	MIXS:0001111		Description of the equipment or method used to distribute water to crops. This field accepts termed listed under irrigation process (http://purl.obolibrary.org/obo/AGRO_00000006). Multiple terms can be separated by pipes	{'value': 'drip irrigation process [AGRO:00000056]'}		delivery|method|plant|water			string	True			{'syntax': '^{termLabel} \\[{termID}\\]$', 'interpolated': True, 'partial_match': True}		
pool_dna_extracts	pooling of DNA extracts (if done)	MIXS:0000325		Indicate whether multiple DNA extractions were mixed. If the answer yes, the number of extracts that were pooled should be given	{'value': 'yes, 5'}		dna|pooling			string		True	{boolean};{float} {unit}		pooling status;number of pooled extracts	gram, milliliter, microliter
porosity	porosity	MIXS:0000211		Porosity of deposited sediment is volume of voids divided by the total volume of sample			porosity			string			{float} - {float} {unit}		measurement value or range	percentage
pos_cont_type	positive control type	MIXS:0001322		The substance, mixture, product, or apparatus used to verify that a process which is part of an investigation delivers a true positive		investigation	type			string	True		{term} or {text}			
pres_animal_insect	presence of pets, animals, or insects	MIXS:0000819		The type and number of animals or insects present in the sampling space	{'value': 'cat;5'}		animal|presence			string			[cat|dog|rodent|snake|other];{integer}		enumeration;count	
prev_land_use_meth	history/previous land use method	MIXS:0000316		Reference or method used in determining previous land use and dates			history|land|method|use			string	True			{'syntax': '^({PMID}|{DOI}|{URL})$', 'interpolated': True, 'partial_match': True}		
previous_land_use	history/previous land use	MIXS:0000315		Previous land use and dates	{'value': 'fallow;2018-05-11T14:30Z'}		history|land|use			string	True		{text};{timestamp}		land use name;date	
profile_position	profile position	MIXS:0001084		Cross-sectional position in the hillslope where sample was collected.sample area position in relation to surrounding areas	{'value': 'summit'}					ProfilePositionEnum	True					
project_name	project name	MIXS:0000092		Name of the project within which the sequencing was organized	{'value': 'Forest soil metagenome'}	investigation	project			string		True				
propagation	propagation	MIXS:0000033		The type of reproduction from the parent stock. Values for this field is specific to different taxa. For phage or virus: lytic/lysogenic/temperate/obligately lytic. For plasmids: incompatibility group. For eukaryotes: sexual/asexual	{'value': 'lytic'}	nucleic acid sequence source				string		True			for virus: lytic, lysogenic, temperate, obligately lytic; for plasmid: incompatibility group; for eukaryote: asexual, sexual; other more specific values (e.g., incompatibility group) are allowed	
ref_biomaterial	reference for biomaterial	MIXS:0000025		Primary publication if isolated before genome publication; otherwise, primary genome report	{'value': 'doi:10.1016/j.syapm.2018.01.009'}	nucleic acid sequence source				string				{'syntax': '^({PMID}|{DOI}|{URL})$', 'interpolated': True, 'partial_match': True}		
ref_db	reference database(s)	MIXS:0000062		List of database(s) used for ORF annotation, along with version number and reference to website or publication	{'value': 'pVOGs;5;http://dmk-brain.ecn.uiowa.edu/pVOGs/ Grazziotin et al. 2017 doi:10.1093/nar/gkw975'}	sequencing	database			string			{database};{version};{reference}		names, versions, and references of databases	
rel_location	relative location of sample	MIXS:0001161		Location of sampled soil to other parts of the farm e.g. under crop plant, near irrigation ditch, from the dirt road	{'value': 'furrow'}		location|relative|sample			string	True					
root_med_carbon	rooting medium carbon	MIXS:0000577		Source of organic carbon in the culture rooting medium; e.g. sucrose	{'value': 'sucrose'}		carbon			string			{text};{float} {unit}		carbon source name;measurement value	milligram per liter
root_med_macronutr	rooting medium macronutrients	MIXS:0000578		Measurement of the culture rooting medium macronutrients (N,P, K, Ca, Mg, S); e.g. KH2PO4 (170 mg/L)	{'value': 'KH2PO4;170  milligram per liter'}		macronutrients			string			{text};{float} {unit}		macronutrient name;measurement value	milligram per liter
root_med_ph	rooting medium pH	MIXS:0001062		pH measurement of the culture rooting medium; e.g. 5.5	{'value': '7.5'}		ph			float						
salt_regm	salt regimen	MIXS:0000582		Information about treatment involving use of salts as supplement to liquid and soil growth media; should include the name of salt, amount administered, treatment regimen including how many times the treatment was repeated, how long each treatment lasted, and the start and end time of the entire treatment; can include multiple salt regimens	{'value': 'NaCl;5 gram per liter;R2/2018-05-11T14:30/2018-05-11T19:30/P1H30M'}		regimen|salt	True		string	True		{text};{float} {unit};{period};{interval};{period}			gram, microgram, mole per liter, gram per liter
samp_collect_device	sample collection device	MIXS:0000002		The device used to collect an environmental sample. This field accepts terms listed under environmental sampling device (http://purl.obolibrary.org/obo/ENVO). This field also accepts terms listed under specimen collection device (http://purl.obolibrary.org/obo/GENEPIO_0002094)	{'value': 'swab, biopsy, niskin bottle, push core, drag swab [GENEPIO:0002713]'}	nucleic acid sequence source	device|sample			string		True	{termLabel} [{termID}]|{text}		device name	
samp_collect_method	sample collection method	MIXS:0001225		The method employed for collecting the sample	{'value': 'swabbing'}	nucleic acid sequence source	method|sample			string				{'syntax': '^({PMID}|{DOI}|{URL}|{text})$', 'interpolated': True, 'partial_match': True}		
samp_mat_process	sample material processing	MIXS:0000016		A brief description of any processing applied to the sample during or after retrieving the sample from environment, or a link to the relevant protocol(s) performed	{'value': 'filtering of seawater, storing samples in ethanol'}	nucleic acid sequence source	material|process|sample			string		True				
samp_name	sample name	MIXS:0001107		A local identifier or name that for the material sample used for extracting nucleic acids, and subsequent sequencing. It can refer either to the original material collected or to any derived sub-samples. It can have any format, but we suggest that you make it concise, unique and consistent within your lab, and as informative as possible. INSDC requires every sample name from a single Submitter to be unique. Use of a globally unique identifier for the field source_mat_id is recommended in addition to sample_name	{'value': 'ISDsoil1'}	investigation	sample			string		True				
samp_pooling	sample pooling	MIXS:0001153		Physical combination of several instances of like material, e.g. RNA extracted from samples or dishes of cell cultures into one big aliquot of cells. Please provide a short description of the samples that were pooled	{'value': '5uL of extracted genomic DNA from 5 leaves were pooled'}		pooling|sample	True		string	True					
samp_size	amount or size of sample collected	MIXS:0000001		The total amount or size (volume (ml), mass (g) or area (m2) ) of sample collected	{'value': '5 liter'}	nucleic acid sequence source	sample|size			string		True		{'syntax': '^{scientific_float}( *- *{scientific_float})? *{text}$', 'interpolated': True, 'partial_match': True}		
samp_store_dur	sample storage duration	MIXS:0000116		Duration for which the sample was stored. Indicate the duration for which the sample was stored written in ISO 8601 format	{'value': 'P1Y6M'}		duration|period|sample|storage			string		True		{'syntax': '^{duration}$', 'interpolated': True, 'partial_match': True}		
samp_store_loc	sample storage location	MIXS:0000755		Location at which sample was stored, usually name of a specific freezer/room	{'value': 'Freezer no:5'}		location|sample|storage			string		True			location name	
samp_store_temp	sample storage temperature	MIXS:0000110		Temperature at which sample was stored, e.g. -80 degree Celsius	{'value': '-80 degree Celsius'}		sample|storage|temperature			string				{'syntax': '^{scientific_float}( *- *{scientific_float})? *{text}$', 'interpolated': True, 'partial_match': True}		degree Celsius
samp_taxon_id	taxonomy ID of DNA sample	MIXS:0001320		NCBI taxon id of the sample.  Maybe be a single taxon or mixed taxa sample. Use 'synthetic metagenome  for mock community/positive controls, or 'blank sample' for negative controls	{'value': 'Gut Metagenome [NCBITaxon:749906]'}	investigation	dna|identifier|sample|taxon			string		True		{'syntax': '^{text} \\[{NCBItaxon_id}\\]$', 'interpolated': True, 'partial_match': True}		
samp_vol_we_dna_ext	sample volume or weight for DNA extraction	MIXS:0000111		Volume (ml) or mass (g) of total collected sample processed for DNA extraction. Note: total sample collected should be entered under the term Sample Size (MIXS:0000001)	{'value': '1500 milliliter'}	nucleic acid sequence source	dna|sample|volume|weight			string		True		{'syntax': '^{scientific_float}( *- *{scientific_float})? *{text}$', 'interpolated': True, 'partial_match': True}		milliliter, gram, milligram, square centimeter
season	season	MIXS:0000829		The season when sampling occurred. Any of the four periods into which the year is divided by the equinoxes and solstices.	{'value': 'autumn [NCIT:C94733]'}		season			SeasonEnum						
season_environment	seasonal environment	MIXS:0001068		Treatment involving an exposure to a particular season (e.g. Winter, summer, rabi, rainy etc.), treatment regimen including how many times the treatment was repeated, how long each treatment lasted, and the start and end time of the entire treatment	{'value': 'rainy;R2/2018-05-11T14:30/2018-05-11T19:30/P1H30M'}		environment|season	True		string	True		{text};{period};{interval};{period}			
season_humidity	mean seasonal humidity	MIXS:0001148	percent or float?	Average humidity of the region throughout the growing season	{'value': '0.25'}		humidity|mean|season			float				{'syntax': '^{scientific_float}( *- *{scientific_float})? *{text}$', 'interpolated': True, 'partial_match': True}		
season_precpt	mean seasonal precipitation	MIXS:0000645		The average of all seasonal precipitation values known, or an estimated equivalent value derived by such methods as regional indexes or Isohyetal maps	{'value': '75 millimeters'}		mean|season			string				{'syntax': '^{scientific_float}( *- *{scientific_float})? *{text}$', 'interpolated': True, 'partial_match': True}		millimeter
season_temp	mean seasonal temperature	MIXS:0000643	this slot should not be populated unless season is also populated	Mean seasonal temperature	{'value': '18 degree Celsius'}		mean|season|temperature			string				{'syntax': '^{scientific_float}( *- *{scientific_float})? *{text}$', 'interpolated': True, 'partial_match': True}		degree Celsius
seq_meth	sequencing method	MIXS:0000050		Sequencing machine used. Where possible the term should be taken from the OBI list of DNA sequencers (http://purl.obolibrary.org/obo/OBI_0400103)	{'value': '454 Genome Sequencer FLX [OBI:0000702]'}	sequencing	method			string		True		{'syntax': '^({text}|({termLabel} \\[{termID}\\]))$', 'interpolated': True, 'partial_match': True}		
seq_quality_check	sequence quality check	MIXS:0000051		Indicate if the sequence has been called by automatic systems (none) or undergone a manual editing procedure (e.g. by inspecting the raw data or chromatograms). Applied only for sequences that are not submitted to SRA,ENA or DRA	{'value': 'none'}	sequencing	quality			SeqQualityCheckEnum					none or manually edited	
sequencing_location	sequencing location	MIXS:0001156		The location the sequencing run was performed. Indicate the name of the lab or core facility where samples were sequenced	{'value': 'University of Maryland Genomics Resource Center'}		location			string						
sieving	sieving	MIXS:0000322		Collection design of pooled samples and/or sieve size and amount of sample sieved						string		True	{text};{float} {unit}		design name and/or size;amount	
sim_search_meth	similarity search method	MIXS:0000063		Tool used to compare ORFs with database, along with version and cutoffs used	{'value': 'HMMER3;3.1b2;hmmsearch, cutoff of 50 on score'}	sequencing	method			string				{'syntax': '^{software};{version};{parameters}$', 'interpolated': True, 'partial_match': True}		
size_frac_low	size-fraction lower threshold	MIXS:0000735		Refers to the mesh/pore size used to pre-filter/pre-sort the sample. Materials smaller than the size threshold are excluded from the sample	{'value': '0.2 micrometer'}		lower			string				{'syntax': '^{scientific_float}( *- *{scientific_float})? *{text}$', 'interpolated': True, 'partial_match': True}		micrometer
size_frac_up	size-fraction upper threshold	MIXS:0000736		Mesh or pore size of the device used to retain the sample. Materials larger than the size threshold are excluded from the sample.	{'value': '20 micrometer'}		upper			string				{'syntax': '^{scientific_float}( *- *{scientific_float})? *{text}$', 'interpolated': True, 'partial_match': True}		micrometer
slope_aspect	slope aspect	MIXS:0000647		The direction a slope faces. While looking down a slope use a compass to record the direction you are facing (direction or degrees); e.g., nw or 315 degrees. This measure provides an indication of sun and wind exposure that will influence soil temperature and evapotranspiration			slope			string	True			{'syntax': '^{scientific_float}( *- *{scientific_float})? *{text}$', 'interpolated': True, 'partial_match': True}		degree
slope_gradient	slope gradient	MIXS:0000646		Commonly called 'slope'. The angle between ground surface and a horizontal line (in percent). This is the direction that overland water would flow. This measure is usually taken with a hand level meter or clinometer			slope			string	True			{'syntax': '^{scientific_float}( *- *{scientific_float})? *{text}$', 'interpolated': True, 'partial_match': True}		percentage
soil_conductivity	soil conductivity	MIXS:0001158	Soil electrical conductivity (EC) is a measure of how well soil water can carry an electrical current. Electrical conductivity of soil solution is a reliable indicator of its solute (cation or anion) concentration with 1 dS/m approximately equivalent to 10 meq/L (U.S. Salinity Laboratory Staff, 1954).	Conductivity of some soil.	{'value': '10 milliSiemens per centimeter'}		soil			string				{'syntax': '^{scientific_float}( *- *{scientific_float})? *{text}$', 'interpolated': True, 'partial_match': True}		milliSiemens per centimeter
soil_cover	soil cover	MIXS:0001159		Material covering the sampled soil. This field accepts terms under ENVO:00010483, environmental material	{'value': 'bare soil [ENVO01001616]'}		soil			string	True		bare soil [ENVO:01001616]		subclass of 'environmental material', http://purl.obolibrary.org/obo/ENVO_00010483	
soil_horizon	soil horizon	MIXS:0001082		Specific layer in the land area which measures parallel to the soil surface and possesses physical characteristics which differ from the layers above and beneath	{'value': 'A horizon'}		horizon|soil			SoilHorizonEnum	True					
soil_pH	soil pH	MIXS:0001160		pH measurement of some soil at the time of sampling	{'value': '7.2'}		ph|soil			float						
soil_temp	soil temperature	MIXS:0001163		Temperature of soil at the time of sampling	{'value': '25 degrees Celsius'}		soil|temperature			string				{'syntax': '^{scientific_float}( *- *{scientific_float})? *{text}$', 'interpolated': True, 'partial_match': True}		degree Celsius
soil_texture	soil texture	MIXS:0000335		The relative proportion of different grain sizes of mineral particles in a soil, as described using a standard system; express as % sand (50 um to 2 mm), silt (2 um to 50 um), and clay (<2 um) with textural name (e.g., silty clay loam) optional			soil|texture			string				{'syntax': '^{scientific_float}( *- *{scientific_float})? *{text}$', 'interpolated': True, 'partial_match': True}		
soil_texture_meth	soil texture method	MIXS:0000336		Reference or method used in determining soil texture	{'value': 'https://uwlab.soils.wisc.edu/wp-content/uploads/sites/17/2015/09/particle_size.pdf'}		method|soil|texture			string				{'syntax': '^({PMID}|{DOI}|{URL})$', 'interpolated': True, 'partial_match': True}		
soil_type	soil type	MIXS:0000332		Description of the soil type or classification. This field accepts terms under soil (http://purl.obolibrary.org/obo/ENVO_00001998).  Multiple terms can be separated by pipes	{'value': 'plinthosol [ENVO:00002250]'}		soil|type			string		True			ENVO:00001998	
soil_type_meth	soil type method	MIXS:0000334		Reference or method used in determining soil series name or other lower-level classification	{'value': 'https://www.lrh.usace.army.mil/Portals/38/docs/PR/BluestoneSFEIS/Appendix%20K-Soil%20Descriptions.pdf'}		method|soil|type			string		True		{'syntax': '^({PMID}|{DOI}|{URL})$', 'interpolated': True, 'partial_match': True}		
solar_irradiance	solar irradiance	MIXS:0000112		The amount of solar energy that arrives at a specific area of a surface during a specific time interval	{'value': '1.36 kilowatts per square meter per day'}			True		string				{'syntax': '^{scientific_float}( *- *{scientific_float})? *{text}$', 'interpolated': True, 'partial_match': True}		kilowatts per square meter per day, ergs per square centimeter per second
sop	relevant standard operating procedures	MIXS:0000090		Standard operating procedures used in assembly and/or annotation of genomes, metagenomes or environmental sequences	{'value': 'http://press.igsb.anl.gov/earthmicrobiome/protocols-and-standards/its/'}	sequencing	procedures	True		string	True			{'syntax': '^({PMID}|{DOI}|{URL})$', 'interpolated': True, 'partial_match': False}	reference to SOP	
source_mat_id	source material identifiers	MIXS:0000026		A unique identifier assigned to a material sample (as defined by http://rs.tdwg.org/dwc/terms/materialSampleID, and as opposed to a particular digital record of a material sample) used for extracting nucleic acids, and subsequent sequencing. The identifier can refer either to the original material collected or to any derived sub-samples. The INSDC qualifiers /specimen_voucher, /bio_material, or /culture_collection may or may not share the same value as the source_mat_id field. For instance, the /specimen_voucher qualifier and source_mat_id may both contain 'UAM:Herps:14' , referring to both the specimen voucher and sampled tissue with the same identifier. However, the /culture_collection qualifier may refer to a value from an initial culture (e.g. ATCC:11775) while source_mat_id would refer to an identifier from some derived culture from which the nucleic acids were extracted (e.g. xatc123 or ark:/2154/R2)	{'value': 'MPI012345'}	nucleic acid sequence source	identifier|material|source	True		string	True				for cultures of microorganisms: identifiers for two culture collections; for other material a unique arbitrary identifer	
specific_host	host scientific name	MIXS:0000029		Report the host's taxonomic name and/or NCBI taxonomy ID	{'value': 'Homo sapiens and/or 9606'}	nucleic acid sequence source	host|host.			string	True	True	{text}|{NCBI taxid}		host scientific name, taxonomy ID	
spikein_strain	spike-in microbial strain	MIXS:0001170		Taxonomic information about the spike-in organism(s) at the strain level. This field accepts terms under organism (http://purl.obolibrary.org/obo/NCIT_C14250). This field also accepts identification numbers from NCBI under https://www.ncbi.nlm.nih.gov/taxonomy. Multiple terms can be separated by pipes	{'value': '169963'}		microbial|spike	True		string			{termLabel} [{termID}]|{integer}		NCIT:C14250 or NCBI taxid or text	
standing_water_regm	standing water regimen	MIXS:0001069		Treatment involving an exposure to standing water during a plant's life span, types can be flood water or standing water, treatment regimen including how many times the treatment was repeated, how long each treatment lasted, and the start and end time of the entire treatment; can include multiple regimens	{'value': 'standing water;R2/2018-05-11T14:30/2018-05-11T19:30/P1H30M'}		regimen|water	True		string	True		{text};{period};{interval};{period}			
store_cond	storage conditions	MIXS:0000327		Explain how and for how long the sample was stored before DNA extraction (for example, fresh/frozen/other). Include factors that may influence nucleic acid recovery or library construction. For example, specify temperature, humidity, presence of microbial overgrowth etc..	{'value': 'Stored in the museum from 1924 to 2021'}		condition|storage			string		True		{'syntax': '^{storage_condition_type};{duration}$', 'interpolated': False, 'partial_match': False}		
subspecf_gen_lin	subspecific genetic lineage	MIXS:0000020		Information about the genetic distinctness of the sequenced organism below the subspecies level, e.g., serovar, serotype, biotype, ecotype, or any relevant genetic typing schemes like Group I plasmid. Subspecies should not be recorded in this term, but in the NCBI taxonomy. Supply both the lineage name and the lineage rank separated by a colon, e.g., biovar:abc123	{'value': 'serovar:Newport'}	nucleic acid sequence source	lineage			string	True		{rank name}:{text}		Genetic lineage below lowest rank of NCBI taxonomy, which is subspecies, e.g. serovar, biotype, ecotype, variety, cultivar	
target_gene	target gene	MIXS:0000044		Targeted gene or locus name for marker gene studies	{'value': '16S rRNA, 18S rRNA, nif, amoA, rpo'}	sequencing	target			string		True				
target_subfragment	target subfragment	MIXS:0000045		Name of subfragment of a gene or locus. Important to e.g. identify special regions on marker genes like V6 on 16S rRNA	{'value': 'V6, V9, ITS'}	sequencing	target			string		True				
tax_class	taxonomic classification	MIXS:0000064		Method used for taxonomic classification, along with reference database used, classification rank, and thresholds used to classify new genomes	{'value': 'vConTACT vContact2 (references from NCBI RefSeq v83, genus rank classification, default parameters)'}	sequencing	classification|taxon			string						
tax_ident	taxonomic identity marker	MIXS:0000053		The phylogenetic marker(s) used to assign an organism name to the SAG or MAG	{'value': 'other', 'description': 'was other <colon> rpoB gene'}	sequencing	identifier|marker|taxon			TaxIdentEnum	True					
temp	temperature	MIXS:0000113		Temperature of the sample at the time of sampling	{'value': '25 degree Celsius'}	environment	temperature			string	True	True		{'syntax': '^{scientific_float}( *- *{scientific_float})? *{text}$', 'interpolated': True, 'partial_match': True}		degree Celsius
tillage	history/tillage	MIXS:0001081		Note method(s) used for tilling	{'value': 'chisel'}		history	True		TillageEnum	True					
tot_carb	total carbon	MIXS:0000525		Total carbon content			carbon|total			string	True			{'syntax': '^{scientific_float}( *- *{scientific_float})? *{text}$', 'interpolated': True, 'partial_match': True}		
tot_nitro_cont_meth	total nitrogen content method	MIXS:0000338		Reference or method used in determining the total nitrogen	{'value': 'https://currentprotocols.onlinelibrary.wiley.com/doi/abs/10.1002/0471142913.fab0102s00'}		content|method|nitrogen|total			string	True			{'syntax': '^({PMID}|{DOI}|{URL})$', 'interpolated': True, 'partial_match': True}		
tot_nitro_content	total nitrogen content	MIXS:0000530		Total nitrogen content of the sample	{'value': '35 milligrams Nitrogen per kilogram of soil'}		content|nitrogen|total			string	True			{'syntax': '^{scientific_float}( *- *{scientific_float})? *{text}$', 'interpolated': True, 'partial_match': True}		
tot_org_c_meth	total organic carbon method	MIXS:0000337		Reference or method used in determining total organic carbon	{'value': 'https://www.epa.gov/sites/production/files/2015-12/documents/9060a.pdf'}		carbon|method|organic|total			string	True			{'syntax': '^({PMID}|{DOI}|{URL})$', 'interpolated': True, 'partial_match': True}		
tot_org_carb	total organic carbon	MIXS:0000533		Total organic carbon content	{'value': '0.02'}		carbon|organic|total			string	True			{'syntax': '^{scientific_float}( *- *{scientific_float})? *{text}$', 'interpolated': True, 'partial_match': True}		gram Carbon per kilogram sample material
tot_phosphate	total phosphate	MIXS:0000689		Total amount or concentration of phosphate			phosphate|total			string	True			{'syntax': '^{scientific_float}( *- *{scientific_float})? *{text}$', 'interpolated': True, 'partial_match': True}		microgram per liter, micromole per liter
trophic_level	trophic level	MIXS:0000032		Trophic levels are the feeding position in a food chain. Microbes can be a range of producers (e.g. chemolithotroph)	{'value': 'heterotroph'}	nucleic acid sequence source	level			TrophicLevelEnum	True					
virus_enrich_appr	virus enrichment approach	MIXS:0000036		List of approaches used to enrich the sample for viruses, if any	{'value': 'DNAse', 'description': 'was filtration + FeCl Precipitation + ultracentrifugation + DNAse'}	nucleic acid sequence source	enrichment			VirusEnrichApprEnum	True					
water_pH	water pH	MIXS:0001175		pH measurement of some water at the time of sampling	{'value': '7.2'}		ph|water			float						
water_source_shared	water source shared	MIXS:0001176		Other users sharing access to the same water source. Multiple terms can be separated by one or more pipes	{'value': 'no sharing'}		source|water	True		string			[multiple users, agricutural|multiple users, other|no sharing]		enumeration	
water_temp_regm	water temperature regimen	MIXS:0000590		Information about treatment involving an exposure to water with varying degree of temperature, treatment regimen including how many times the treatment was repeated, how long each treatment lasted, and the start and end time of the entire treatment; can include multiple regimens	{'value': '15 degree Celsius;R2/2018-05-11T14:30/2018-05-11T19:30/P1H30M'}		regimen|temperature|water	True		string	True		{float} {unit};{period};{interval};{period}			degree Celsius
watering_regm	watering regimen	MIXS:0000591		Information about treatment involving an exposure to watering frequencies, treatment regimen including how many times the treatment was repeated, how long each treatment lasted, and the start and end time of the entire treatment; can include multiple regimens	{'value': '1 liter;R2/2018-05-11T14:30/2018-05-11T19:30/P1H30M'}		regimen|water	True		string	True		{float} {unit};{period};{interval};{period}			milliliter, liter
